
Example: 1

board=[[0,7,1,0,9,0,8,0,0],
        [0,0,0,3,0,6,0,0,0],
        [4,9,0,0,0,0,7,0,5],
        [0,1,0,9,0,0,0,0,0],
        [9,0,2,0,0,0,6,0,3],
        [0,0,0,0,0,8,0,2,0],
        [8,0,5,0,0,0,0,7,6],
        [0,0,0,6,0,7,0,0,0],
        [0,0,7,0,4,0,3,5,0]]
    
    Solution
    
        [[3 7 1 5 9 4 8 6 2]
         [5 2 8 3 7 6 1 9 4]
         [4 9 6 2 8 1 7 3 5]
         [6 1 4 9 2 3 5 8 7]
         [9 8 2 7 1 5 6 4 3]
         [7 5 3 4 6 8 9 2 1]
         [8 4 5 1 3 9 2 7 6]
         [2 3 9 6 5 7 4 1 8]
         [1 6 7 8 4 2 3 5 9]]


Example: 2

board=[[7,8,0,4,0,0,1,2,0],
        [6,0,0,0,7,5,0,0,9],
        [0,0,0,6,0,1,0,7,8],
        [0,0,7,0,4,0,2,6,0],
        [0,0,1,0,5,0,9,3,0],
        [9,0,4,0,6,0,0,0,5],
        [0,7,0,3,0,0,0,1,2],
        [1,2,0,0,0,7,4,0,0],
        [0,4,9,2,0,6,0,0,7]]
        
     Solution   
        
        [[7 8 5 4 3 9 1 2 6]
         [6 1 2 8 7 5 3 4 9]
         [4 9 3 6 2 1 5 7 8]
         [8 5 7 9 4 3 2 6 1]
         [2 6 1 7 5 8 9 3 4]
         [9 3 4 1 6 2 7 8 5]
         [5 7 8 3 9 4 6 1 2]
         [1 2 6 5 8 7 4 9 3]
         [3 4 9 2 1 6 8 5 7]]
